id,utterance,source,generation_strategy,model_name,prompt_text,dialogue_text,turn_index,speaker,tokens,pos_tags,labels,Language,text,turn,conv_id,tokens_list,token_langs,lang,tech_score,cult_score,is_mixed_turn
167,"Hey Sarah, I noticed there's a merge conflict in our code. Have you had a chance to take a look at it?",LLM,"['persona-based', 'chain-of-thought']",gpt-3.5-turbo,"You are a senior software engineer roleplaying natural English workplace chat. 
Li and Sarah are discussing a merge conflict and deployment blockers. 
Keep the tone pragmatic and realistic — no Chinese text at all. 
Use natural conversational phrasing like ""staging build"" or ""hotfix"".
Each dialogue should be 5–7 turns long and include one of: deploy, build, bug, deadline, merge.
Output only the conversation.
","Li: Hey Sarah, I noticed there's a merge conflict in our code. Have you had a chance to take a look at it?
Sarah: Yeah, I saw that too. I'm currently trying to resolve it but it's proving to be a bit tricky.
Li: No worries, take your time. We need to get this sorted out before we can deploy the changes to staging.
Sarah: Agreed. I'll keep working on it and let you know once it's resolved.
Li: Sounds good. In the meantime, do you think we'll be able to make our deadline for this feature?
Sarah: It's going to be tight, especially with this merge conflict causing a delay. But I think we can still make it if we can get everything deployed soon.
Li: Hopefully we can resolve this quickly. Maybe we'll need to do a hotfix once it's all sorted out.
Sarah: That's a good idea. We can discuss that once we have the changes deployed to staging.
Li: Definitely. Let's prioritize getting this merge conflict resolved first and then we can focus on the deployment blockers.",1,Li,"['Hey', 'Sarah', ',', 'I', 'noticed', 'there', ""'s"", 'a', 'merge', 'conflict', 'in', 'our', 'code', '.', 'Have', 'you', 'had', 'a', 'chance', 'to', 'take', 'a', 'look', 'at', 'it', '?']","['INTJ', 'PROPN', 'PUNCT', 'PRON', 'VERB', 'PRON', 'VERB', 'DET', 'NOUN', 'NOUN', 'ADP', 'PRON', 'NOUN', 'PUNCT', 'AUX', 'PRON', 'VERB', 'DET', 'NOUN', 'PART', 'VERB', 'DET', 'NOUN', 'ADP', 'PRON', 'PUNCT']","{'en', 'punct', 'other'}","['en', 'en', 'punct', 'en', 'en', 'en', 'en', 'en', 'en', 'en', 'en', 'en', 'en', 'punct', 'en', 'en', 'en', 'en', 'en', 'en', 'en', 'en', 'en', 'en', 'en', 'other']","Hey Sarah, I noticed there's a merge conflict in our code. Have you had a chance to take a look at it?",1,167,"['Hey', 'Sarah', ',', 'I', 'noticed', 'there', ""'s"", 'a', 'merge', 'conflict', 'in', 'our', 'code', '.', 'Have', 'you', 'had', 'a', 'chance', 'to', 'take', 'a', 'look', 'at', 'it', '?']","['en', 'en', 'punct', 'en', 'en', 'en', 'en', 'en', 'en', 'en', 'en', 'en', 'en', 'punct', 'en', 'en', 'en', 'en', 'en', 'en', 'en', 'en', 'en', 'en', 'en', 'other']",en,2,0,False
167,"Yeah, I saw that too. I'm currently trying to resolve it but it's proving to be a bit tricky.",LLM,"['persona-based', 'chain-of-thought']",gpt-3.5-turbo,"You are a senior software engineer roleplaying natural English workplace chat. 
Li and Sarah are discussing a merge conflict and deployment blockers. 
Keep the tone pragmatic and realistic — no Chinese text at all. 
Use natural conversational phrasing like ""staging build"" or ""hotfix"".
Each dialogue should be 5–7 turns long and include one of: deploy, build, bug, deadline, merge.
Output only the conversation.
","Li: Hey Sarah, I noticed there's a merge conflict in our code. Have you had a chance to take a look at it?
Sarah: Yeah, I saw that too. I'm currently trying to resolve it but it's proving to be a bit tricky.
Li: No worries, take your time. We need to get this sorted out before we can deploy the changes to staging.
Sarah: Agreed. I'll keep working on it and let you know once it's resolved.
Li: Sounds good. In the meantime, do you think we'll be able to make our deadline for this feature?
Sarah: It's going to be tight, especially with this merge conflict causing a delay. But I think we can still make it if we can get everything deployed soon.
Li: Hopefully we can resolve this quickly. Maybe we'll need to do a hotfix once it's all sorted out.
Sarah: That's a good idea. We can discuss that once we have the changes deployed to staging.
Li: Definitely. Let's prioritize getting this merge conflict resolved first and then we can focus on the deployment blockers.",2,Sarah,"['Yeah', ',', 'I', 'saw', 'that', 'too', '.', 'I', ""'m"", 'currently', 'trying', 'to', 'resolve', 'it', 'but', 'it', ""'s"", 'proving', 'to', 'be', 'a', 'bit', 'tricky', '.']","['INTJ', 'PUNCT', 'PRON', 'VERB', 'PRON', 'ADV', 'PUNCT', 'PRON', 'AUX', 'ADV', 'VERB', 'PART', 'VERB', 'PRON', 'CCONJ', 'PRON', 'AUX', 'VERB', 'PART', 'AUX', 'DET', 'NOUN', 'ADJ', 'PUNCT']","{'en', 'punct'}","['en', 'punct', 'en', 'en', 'en', 'en', 'punct', 'en', 'en', 'en', 'en', 'en', 'en', 'en', 'en', 'en', 'en', 'en', 'en', 'en', 'en', 'en', 'en', 'punct']","Yeah, I saw that too. I'm currently trying to resolve it but it's proving to be a bit tricky.",2,167,"['Yeah', ',', 'I', 'saw', 'that', 'too', '.', 'I', ""'m"", 'currently', 'trying', 'to', 'resolve', 'it', 'but', 'it', ""'s"", 'proving', 'to', 'be', 'a', 'bit', 'tricky', '.']","['en', 'punct', 'en', 'en', 'en', 'en', 'punct', 'en', 'en', 'en', 'en', 'en', 'en', 'en', 'en', 'en', 'en', 'en', 'en', 'en', 'en', 'en', 'en', 'punct']",en,0,0,False
167,"No worries, take your time. We need to get this sorted out before we can deploy the changes to staging.",LLM,"['persona-based', 'chain-of-thought']",gpt-3.5-turbo,"You are a senior software engineer roleplaying natural English workplace chat. 
Li and Sarah are discussing a merge conflict and deployment blockers. 
Keep the tone pragmatic and realistic — no Chinese text at all. 
Use natural conversational phrasing like ""staging build"" or ""hotfix"".
Each dialogue should be 5–7 turns long and include one of: deploy, build, bug, deadline, merge.
Output only the conversation.
","Li: Hey Sarah, I noticed there's a merge conflict in our code. Have you had a chance to take a look at it?
Sarah: Yeah, I saw that too. I'm currently trying to resolve it but it's proving to be a bit tricky.
Li: No worries, take your time. We need to get this sorted out before we can deploy the changes to staging.
Sarah: Agreed. I'll keep working on it and let you know once it's resolved.
Li: Sounds good. In the meantime, do you think we'll be able to make our deadline for this feature?
Sarah: It's going to be tight, especially with this merge conflict causing a delay. But I think we can still make it if we can get everything deployed soon.
Li: Hopefully we can resolve this quickly. Maybe we'll need to do a hotfix once it's all sorted out.
Sarah: That's a good idea. We can discuss that once we have the changes deployed to staging.
Li: Definitely. Let's prioritize getting this merge conflict resolved first and then we can focus on the deployment blockers.",3,Li,"['No', 'worries', ',', 'take', 'your', 'time', '.', 'We', 'need', 'to', 'get', 'this', 'sorted', 'out', 'before', 'we', 'can', 'deploy', 'the', 'changes', 'to', 'staging', '.']","['DET', 'NOUN', 'PUNCT', 'VERB', 'PRON', 'NOUN', 'PUNCT', 'PRON', 'VERB', 'PART', 'VERB', 'PRON', 'VERB', 'ADP', 'SCONJ', 'PRON', 'AUX', 'VERB', 'DET', 'NOUN', 'ADP', 'VERB', 'PUNCT']","{'en', 'punct'}","['en', 'en', 'punct', 'en', 'en', 'en', 'punct', 'en', 'en', 'en', 'en', 'en', 'en', 'en', 'en', 'en', 'en', 'en', 'en', 'en', 'en', 'en', 'punct']","No worries, take your time. We need to get this sorted out before we can deploy the changes to staging.",3,167,"['No', 'worries', ',', 'take', 'your', 'time', '.', 'We', 'need', 'to', 'get', 'this', 'sorted', 'out', 'before', 'we', 'can', 'deploy', 'the', 'changes', 'to', 'staging', '.']","['en', 'en', 'punct', 'en', 'en', 'en', 'punct', 'en', 'en', 'en', 'en', 'en', 'en', 'en', 'en', 'en', 'en', 'en', 'en', 'en', 'en', 'en', 'punct']",en,2,0,False
167,Agreed. I'll keep working on it and let you know once it's resolved.,LLM,"['persona-based', 'chain-of-thought']",gpt-3.5-turbo,"You are a senior software engineer roleplaying natural English workplace chat. 
Li and Sarah are discussing a merge conflict and deployment blockers. 
Keep the tone pragmatic and realistic — no Chinese text at all. 
Use natural conversational phrasing like ""staging build"" or ""hotfix"".
Each dialogue should be 5–7 turns long and include one of: deploy, build, bug, deadline, merge.
Output only the conversation.
","Li: Hey Sarah, I noticed there's a merge conflict in our code. Have you had a chance to take a look at it?
Sarah: Yeah, I saw that too. I'm currently trying to resolve it but it's proving to be a bit tricky.
Li: No worries, take your time. We need to get this sorted out before we can deploy the changes to staging.
Sarah: Agreed. I'll keep working on it and let you know once it's resolved.
Li: Sounds good. In the meantime, do you think we'll be able to make our deadline for this feature?
Sarah: It's going to be tight, especially with this merge conflict causing a delay. But I think we can still make it if we can get everything deployed soon.
Li: Hopefully we can resolve this quickly. Maybe we'll need to do a hotfix once it's all sorted out.
Sarah: That's a good idea. We can discuss that once we have the changes deployed to staging.
Li: Definitely. Let's prioritize getting this merge conflict resolved first and then we can focus on the deployment blockers.",4,Sarah,"['Agreed', '.', 'I', ""'ll"", 'keep', 'working', 'on', 'it', 'and', 'let', 'you', 'know', 'once', 'it', ""'s"", 'resolved', '.']","['VERB', 'PUNCT', 'PRON', 'AUX', 'VERB', 'VERB', 'ADP', 'PRON', 'CCONJ', 'VERB', 'PRON', 'VERB', 'SCONJ', 'PRON', 'AUX', 'VERB', 'PUNCT']","{'en', 'punct'}","['en', 'punct', 'en', 'en', 'en', 'en', 'en', 'en', 'en', 'en', 'en', 'en', 'en', 'en', 'en', 'en', 'punct']",Agreed. I'll keep working on it and let you know once it's resolved.,4,167,"['Agreed', '.', 'I', ""'ll"", 'keep', 'working', 'on', 'it', 'and', 'let', 'you', 'know', 'once', 'it', ""'s"", 'resolved', '.']","['en', 'punct', 'en', 'en', 'en', 'en', 'en', 'en', 'en', 'en', 'en', 'en', 'en', 'en', 'en', 'en', 'punct']",en,0,0,False
167,"Sounds good. In the meantime, do you think we'll be able to make our deadline for this feature?",LLM,"['persona-based', 'chain-of-thought']",gpt-3.5-turbo,"You are a senior software engineer roleplaying natural English workplace chat. 
Li and Sarah are discussing a merge conflict and deployment blockers. 
Keep the tone pragmatic and realistic — no Chinese text at all. 
Use natural conversational phrasing like ""staging build"" or ""hotfix"".
Each dialogue should be 5–7 turns long and include one of: deploy, build, bug, deadline, merge.
Output only the conversation.
","Li: Hey Sarah, I noticed there's a merge conflict in our code. Have you had a chance to take a look at it?
Sarah: Yeah, I saw that too. I'm currently trying to resolve it but it's proving to be a bit tricky.
Li: No worries, take your time. We need to get this sorted out before we can deploy the changes to staging.
Sarah: Agreed. I'll keep working on it and let you know once it's resolved.
Li: Sounds good. In the meantime, do you think we'll be able to make our deadline for this feature?
Sarah: It's going to be tight, especially with this merge conflict causing a delay. But I think we can still make it if we can get everything deployed soon.
Li: Hopefully we can resolve this quickly. Maybe we'll need to do a hotfix once it's all sorted out.
Sarah: That's a good idea. We can discuss that once we have the changes deployed to staging.
Li: Definitely. Let's prioritize getting this merge conflict resolved first and then we can focus on the deployment blockers.",5,Li,"['Sounds', 'good', '.', 'In', 'the', 'meantime', ',', 'do', 'you', 'think', 'we', ""'ll"", 'be', 'able', 'to', 'make', 'our', 'deadline', 'for', 'this', 'feature', '?']","['VERB', 'ADJ', 'PUNCT', 'ADP', 'DET', 'NOUN', 'PUNCT', 'AUX', 'PRON', 'VERB', 'PRON', 'AUX', 'AUX', 'ADJ', 'PART', 'VERB', 'PRON', 'NOUN', 'ADP', 'DET', 'NOUN', 'PUNCT']","{'en', 'punct', 'other'}","['en', 'en', 'punct', 'en', 'en', 'en', 'punct', 'en', 'en', 'en', 'en', 'en', 'en', 'en', 'en', 'en', 'en', 'en', 'en', 'en', 'en', 'other']","Sounds good. In the meantime, do you think we'll be able to make our deadline for this feature?",5,167,"['Sounds', 'good', '.', 'In', 'the', 'meantime', ',', 'do', 'you', 'think', 'we', ""'ll"", 'be', 'able', 'to', 'make', 'our', 'deadline', 'for', 'this', 'feature', '?']","['en', 'en', 'punct', 'en', 'en', 'en', 'punct', 'en', 'en', 'en', 'en', 'en', 'en', 'en', 'en', 'en', 'en', 'en', 'en', 'en', 'en', 'other']",en,2,0,False
167,"It's going to be tight, especially with this merge conflict causing a delay. But I think we can still make it if we can get everything deployed soon.",LLM,"['persona-based', 'chain-of-thought']",gpt-3.5-turbo,"You are a senior software engineer roleplaying natural English workplace chat. 
Li and Sarah are discussing a merge conflict and deployment blockers. 
Keep the tone pragmatic and realistic — no Chinese text at all. 
Use natural conversational phrasing like ""staging build"" or ""hotfix"".
Each dialogue should be 5–7 turns long and include one of: deploy, build, bug, deadline, merge.
Output only the conversation.
","Li: Hey Sarah, I noticed there's a merge conflict in our code. Have you had a chance to take a look at it?
Sarah: Yeah, I saw that too. I'm currently trying to resolve it but it's proving to be a bit tricky.
Li: No worries, take your time. We need to get this sorted out before we can deploy the changes to staging.
Sarah: Agreed. I'll keep working on it and let you know once it's resolved.
Li: Sounds good. In the meantime, do you think we'll be able to make our deadline for this feature?
Sarah: It's going to be tight, especially with this merge conflict causing a delay. But I think we can still make it if we can get everything deployed soon.
Li: Hopefully we can resolve this quickly. Maybe we'll need to do a hotfix once it's all sorted out.
Sarah: That's a good idea. We can discuss that once we have the changes deployed to staging.
Li: Definitely. Let's prioritize getting this merge conflict resolved first and then we can focus on the deployment blockers.",6,Sarah,"['It', ""'s"", 'going', 'to', 'be', 'tight', ',', 'especially', 'with', 'this', 'merge', 'conflict', 'causing', 'a', 'delay', '.', 'But', 'I', 'think', 'we', 'can', 'still', 'make', 'it', 'if', 'we', 'can', 'get', 'everything', 'deployed', 'soon', '.']","['PRON', 'AUX', 'VERB', 'PART', 'AUX', 'ADJ', 'PUNCT', 'ADV', 'ADP', 'DET', 'NOUN', 'NOUN', 'VERB', 'DET', 'NOUN', 'PUNCT', 'CCONJ', 'PRON', 'VERB', 'PRON', 'AUX', 'ADV', 'VERB', 'PRON', 'SCONJ', 'PRON', 'AUX', 'VERB', 'PRON', 'VERB', 'ADV', 'PUNCT']","{'en', 'punct'}","['en', 'en', 'en', 'en', 'en', 'en', 'punct', 'en', 'en', 'en', 'en', 'en', 'en', 'en', 'en', 'punct', 'en', 'en', 'en', 'en', 'en', 'en', 'en', 'en', 'en', 'en', 'en', 'en', 'en', 'en', 'en', 'punct']","It's going to be tight, especially with this merge conflict causing a delay. But I think we can still make it if we can get everything deployed soon.",6,167,"['It', ""'s"", 'going', 'to', 'be', 'tight', ',', 'especially', 'with', 'this', 'merge', 'conflict', 'causing', 'a', 'delay', '.', 'But', 'I', 'think', 'we', 'can', 'still', 'make', 'it', 'if', 'we', 'can', 'get', 'everything', 'deployed', 'soon', '.']","['en', 'en', 'en', 'en', 'en', 'en', 'punct', 'en', 'en', 'en', 'en', 'en', 'en', 'en', 'en', 'punct', 'en', 'en', 'en', 'en', 'en', 'en', 'en', 'en', 'en', 'en', 'en', 'en', 'en', 'en', 'en', 'punct']",en,1,0,False
167,Hopefully we can resolve this quickly. Maybe we'll need to do a hotfix once it's all sorted out.,LLM,"['persona-based', 'chain-of-thought']",gpt-3.5-turbo,"You are a senior software engineer roleplaying natural English workplace chat. 
Li and Sarah are discussing a merge conflict and deployment blockers. 
Keep the tone pragmatic and realistic — no Chinese text at all. 
Use natural conversational phrasing like ""staging build"" or ""hotfix"".
Each dialogue should be 5–7 turns long and include one of: deploy, build, bug, deadline, merge.
Output only the conversation.
","Li: Hey Sarah, I noticed there's a merge conflict in our code. Have you had a chance to take a look at it?
Sarah: Yeah, I saw that too. I'm currently trying to resolve it but it's proving to be a bit tricky.
Li: No worries, take your time. We need to get this sorted out before we can deploy the changes to staging.
Sarah: Agreed. I'll keep working on it and let you know once it's resolved.
Li: Sounds good. In the meantime, do you think we'll be able to make our deadline for this feature?
Sarah: It's going to be tight, especially with this merge conflict causing a delay. But I think we can still make it if we can get everything deployed soon.
Li: Hopefully we can resolve this quickly. Maybe we'll need to do a hotfix once it's all sorted out.
Sarah: That's a good idea. We can discuss that once we have the changes deployed to staging.
Li: Definitely. Let's prioritize getting this merge conflict resolved first and then we can focus on the deployment blockers.",7,Li,"['Hopefully', 'we', 'can', 'resolve', 'this', 'quickly', '.', 'Maybe', 'we', ""'ll"", 'need', 'to', 'do', 'a', 'hotfix', 'once', 'it', ""'s"", 'all', 'sorted', 'out', '.']","['ADV', 'PRON', 'AUX', 'VERB', 'PRON', 'ADV', 'PUNCT', 'ADV', 'PRON', 'AUX', 'VERB', 'PART', 'VERB', 'DET', 'NOUN', 'SCONJ', 'PRON', 'AUX', 'PRON', 'VERB', 'ADP', 'PUNCT']","{'en', 'punct'}","['en', 'en', 'en', 'en', 'en', 'en', 'punct', 'en', 'en', 'en', 'en', 'en', 'en', 'en', 'en', 'en', 'en', 'en', 'en', 'en', 'en', 'punct']",Hopefully we can resolve this quickly. Maybe we'll need to do a hotfix once it's all sorted out.,7,167,"['Hopefully', 'we', 'can', 'resolve', 'this', 'quickly', '.', 'Maybe', 'we', ""'ll"", 'need', 'to', 'do', 'a', 'hotfix', 'once', 'it', ""'s"", 'all', 'sorted', 'out', '.']","['en', 'en', 'en', 'en', 'en', 'en', 'punct', 'en', 'en', 'en', 'en', 'en', 'en', 'en', 'en', 'en', 'en', 'en', 'en', 'en', 'en', 'punct']",en,0,0,False
167,That's a good idea. We can discuss that once we have the changes deployed to staging.,LLM,"['persona-based', 'chain-of-thought']",gpt-3.5-turbo,"You are a senior software engineer roleplaying natural English workplace chat. 
Li and Sarah are discussing a merge conflict and deployment blockers. 
Keep the tone pragmatic and realistic — no Chinese text at all. 
Use natural conversational phrasing like ""staging build"" or ""hotfix"".
Each dialogue should be 5–7 turns long and include one of: deploy, build, bug, deadline, merge.
Output only the conversation.
","Li: Hey Sarah, I noticed there's a merge conflict in our code. Have you had a chance to take a look at it?
Sarah: Yeah, I saw that too. I'm currently trying to resolve it but it's proving to be a bit tricky.
Li: No worries, take your time. We need to get this sorted out before we can deploy the changes to staging.
Sarah: Agreed. I'll keep working on it and let you know once it's resolved.
Li: Sounds good. In the meantime, do you think we'll be able to make our deadline for this feature?
Sarah: It's going to be tight, especially with this merge conflict causing a delay. But I think we can still make it if we can get everything deployed soon.
Li: Hopefully we can resolve this quickly. Maybe we'll need to do a hotfix once it's all sorted out.
Sarah: That's a good idea. We can discuss that once we have the changes deployed to staging.
Li: Definitely. Let's prioritize getting this merge conflict resolved first and then we can focus on the deployment blockers.",8,Sarah,"['That', ""'s"", 'a', 'good', 'idea', '.', 'We', 'can', 'discuss', 'that', 'once', 'we', 'have', 'the', 'changes', 'deployed', 'to', 'staging', '.']","['PRON', 'AUX', 'DET', 'ADJ', 'NOUN', 'PUNCT', 'PRON', 'AUX', 'VERB', 'SCONJ', 'SCONJ', 'PRON', 'VERB', 'DET', 'NOUN', 'VERB', 'ADP', 'VERB', 'PUNCT']","{'en', 'punct'}","['en', 'en', 'en', 'en', 'en', 'punct', 'en', 'en', 'en', 'en', 'en', 'en', 'en', 'en', 'en', 'en', 'en', 'en', 'punct']",That's a good idea. We can discuss that once we have the changes deployed to staging.,8,167,"['That', ""'s"", 'a', 'good', 'idea', '.', 'We', 'can', 'discuss', 'that', 'once', 'we', 'have', 'the', 'changes', 'deployed', 'to', 'staging', '.']","['en', 'en', 'en', 'en', 'en', 'punct', 'en', 'en', 'en', 'en', 'en', 'en', 'en', 'en', 'en', 'en', 'en', 'en', 'punct']",en,1,0,False
167,Definitely. Let's prioritize getting this merge conflict resolved first and then we can focus on the deployment blockers.,LLM,"['persona-based', 'chain-of-thought']",gpt-3.5-turbo,"You are a senior software engineer roleplaying natural English workplace chat. 
Li and Sarah are discussing a merge conflict and deployment blockers. 
Keep the tone pragmatic and realistic — no Chinese text at all. 
Use natural conversational phrasing like ""staging build"" or ""hotfix"".
Each dialogue should be 5–7 turns long and include one of: deploy, build, bug, deadline, merge.
Output only the conversation.
","Li: Hey Sarah, I noticed there's a merge conflict in our code. Have you had a chance to take a look at it?
Sarah: Yeah, I saw that too. I'm currently trying to resolve it but it's proving to be a bit tricky.
Li: No worries, take your time. We need to get this sorted out before we can deploy the changes to staging.
Sarah: Agreed. I'll keep working on it and let you know once it's resolved.
Li: Sounds good. In the meantime, do you think we'll be able to make our deadline for this feature?
Sarah: It's going to be tight, especially with this merge conflict causing a delay. But I think we can still make it if we can get everything deployed soon.
Li: Hopefully we can resolve this quickly. Maybe we'll need to do a hotfix once it's all sorted out.
Sarah: That's a good idea. We can discuss that once we have the changes deployed to staging.
Li: Definitely. Let's prioritize getting this merge conflict resolved first and then we can focus on the deployment blockers.",9,Li,"['Definitely', '.', 'Let', ""'s"", 'prioritize', 'getting', 'this', 'merge', 'conflict', 'resolved', 'first', 'and', 'then', 'we', 'can', 'focus', 'on', 'the', 'deployment', 'blockers', '.']","['ADV', 'PUNCT', 'VERB', 'PRON', 'VERB', 'VERB', 'DET', 'NOUN', 'NOUN', 'VERB', 'ADV', 'CCONJ', 'ADV', 'PRON', 'AUX', 'VERB', 'ADP', 'DET', 'NOUN', 'NOUN', 'PUNCT']","{'en', 'punct'}","['en', 'punct', 'en', 'en', 'en', 'en', 'en', 'en', 'en', 'en', 'en', 'en', 'en', 'en', 'en', 'en', 'en', 'en', 'en', 'en', 'punct']",Definitely. Let's prioritize getting this merge conflict resolved first and then we can focus on the deployment blockers.,9,167,"['Definitely', '.', 'Let', ""'s"", 'prioritize', 'getting', 'this', 'merge', 'conflict', 'resolved', 'first', 'and', 'then', 'we', 'can', 'focus', 'on', 'the', 'deployment', 'blockers', '.']","['en', 'punct', 'en', 'en', 'en', 'en', 'en', 'en', 'en', 'en', 'en', 'en', 'en', 'en', 'en', 'en', 'en', 'en', 'en', 'en', 'punct']",en,2,0,False
